201.606 -262.851
221.13 -261.535
227.109 -269.482
230.752 -275.094
237.96 -280.509
238.162 -300.041
225.574 -298.433
217.224 -291.787
209.692 -283.487
203.729 -274.572
260.536 -279.06
262.197 -300.854
276.644 -297.581
287.114 -287.291
292.007 -281.435
296.484 -271.73
299.663 -264.598
281.394 -262.686
273.223 -272.718
203.096 -236.784
223.151 -235.516
228.892 -227.115
237.652 -223.167
240.823 -221.066
238.708 -199.33
227.351 -203.471
220.284 -208.25
209.993 -216.329
204.88 -224.073
263.301 -221.365
273.627 -228.035
277.72 -231.748
282.858 -239.018
301.469 -237.739
301.017 -232.685
295.706 -222.565
289.686 -214.284
284.818 -209.673
273.233 -203.749
264.194 -200.703
167.996 -164.804
170.757 -170.128
174.558 -168.251
184.904 -177.508
183.869 -183.977
195.071 -190.913
186.772 -200.775
171.205 -198.134
159.19 -205.359
145.223 -235.285
135.454 -232.757
152.901 -190.058
148.596 -181.481
300.853 -191.771
317.002 -172.366
326.122 -161.742
335.873 -169.966
348.864 -184.083
352.462 -195.697
357.332 -212.018
363.286 -231.117
351.959 -238.633
348.374 -221.523
341.593 -206.07
334.218 -196.165
324.279 -195.283
315.207 -202.725
305.968 -199.126
351.919 -265.844
364.854 -269.448
349.473 -284.394
361.533 -292.203
327.174 -305.863
333.065 -300.76
339.982 -299.575
345.029 -291.429
317.81 -305.56
314.992 -303.149
322.746 -307.689
303.175 -313.87
309.559 -322.365
317.924 -330.911
325.334 -336.69
334.487 -344.903
344.464 -332.802
346.445 -325.733
352.754 -316.699
356.453 -306.206
134.368 -264.915
145.455 -261.682
150.799 -269.508
155.538 -282.935
162.837 -294.197
169.534 -302.645
181.432 -306.637
189.331 -302.315
197.191 -315.15
184.646 -328.09
177.053 -336.272
172.344 -343.139
168.492 -347.284
153.703 -333.515
157.314 -329.885
134.913 -272.778
139.15 -285.73
142.066 -296.528
145.408 -305.503
150.242 -314.458
154.388 -320.254
172.308 -119.644
160.557 -127.961
142.921 -139.949
131.703 -152.206
120.998 -171.247
109.025 -203.582
107.65 -215.589
109.26 -241.472
105.274 -259.924
101.364 -290.759
107.93 -319.636
117.089 -330.864
130.04 -346.162
144.251 -362.338
158.454 -371.522
177.777 -385.893
197.277 -394.335
213.862 -399.839
239.133 -392.782
252.278 -390.083
270.426 -390.083
285.01 -392.782
293.863 -395.897
315.956 -393.557
330.982 -389.7
344.298 -376.596
351.639 -370.804
364.161 -359.23
382.153 -339.778
391.272 -323.564
397.588 -303.8
406.18 -272.051
407.844 -251.443
406.714 -231.221
402.985 -218.694
391.088 -205.042
388.192 -195.751
390.866 -183.76
388.464 -176.654
379.842 -163.846
367.604 -150.562
355.478 -140.038
341.828 -126.75
329.206 -118.549
267.457 -99.0605
282.696 -101.378
299.789 -105.82
315.781 -111.424
242.774 -100.088
228.05 -101.897
222.482 -106.084
209.564 -103.981
188.118 -110.375
142.451 -209.967
150.616 -216.39
TRIANGLES
0 0
1 1
2 1
3 1
4 1
5 1
6 1
7 1
8 1
9 0
10 0
11 0
12 1
13 1
14 1
15 1
16 1
17 1
18 1
19 0
20 0
21 0
22 0
23 0
24 0
25 1
26 1
27 1
28 1
29 1
30 1
31 1
32 1
33 0
34 0
35 0
36 0
37 0
38 0
39 0
40 0
41 0
42 1
43 1
44 1
45 1
46 1
47 1
48 1
49 1
50 0
51 0
52 1
53 0
54 1
55 1
56 0
57 0
58 0
59 1
60 0
61 0
62 0
63 0
64 1
65 1
66 1
67 0
68 1
69 1
70 1
71 1
72 1
73 0
74 0
75 0
76 1
77 0
78 0
79 1
80 1
81 1
82 1
83 1
84 1
85 1
86 1
87 1
88 1
89 1
90 0
91 0
92 0
93 0
94 0
95 0
96 0
97 0
98 1
99 1
100 0
101 0
102 0
103 0
104 0
105 1
106 1
107 0
108 0
109 0
110 0
111 1
112 0
113 0
114 0
115 0
116 0
117 0
118 0
119 0
120 0
121 0
122 1
123 0
124 1
125 1
126 1
127 1
128 1
129 1
130 1
131 1
132 1
133 1
134 1
135 1
136 1
137 0
138 0
139 0
140 0
141 0
142 0
143 0
144 0
145 0
146 0
147 0
148 0
149 0
150 0
151 0
152 0
153 1
154 1
155 1
156 1
157 1
158 1
159 1
160 1
161 1
162 1
163 1
164 1
165 1
166 1
167 1
168 1
169 1
170 1
171 1
172 1
173 0
174 0
175 0
176 0
177 0
178 0
179 0
180 0
181 0
182 0
183 0
184 0
185 0
186 0
187 0
188 0
189 0
190 0
191 0
192 0
193 0
194 0
195 0
196 0
197 0
198 0
199 0
200 0
201 0
202 0
203 0
204 0
205 0
206 0
207 0
208 0
209 0
210 0
211 0
212 0
213 0
214 0
215 0
216 0
217 0
218 0
219 0
220 0
221 0
222 0
223 0
224 0
225 0
226 0
227 0
228 0
229 0
230 0
231 0
232 0
233 0
234 0
235 0
236 0
237 0
238 0
239 0
240 0
241 0
242 0
243 0
244 0
245 0
246 0
247 0
248 0
249 0
250 0
251 0
252 0
253 0
254 0
255 0
256 0
257 0
258 0
259 0
260 0
261 0
262 0
263 0
264 0
265 0
266 0
267 0
268 0
269 0
270 0
271 0
272 0
273 0
274 1
275 0
276 0
277 0
278 0
279 0
280 0
281 0
282 1
283 1
284 1
